515243530
969491624
220496727
607956473
254214523
393319352
970773263
963428434
974012101
456405960
300115824
853396690
196825553
193734837
113579368
821605948
79695458
369554628
473301561
335849200
848878201
499883009
900472810
157818780
681069219
725132433
423054354
864617026
279904647
377815027
991193096
347248221
655570608
922272919
918032078
326706362
400398102
744863810
97932133
216552711
392963091
22495779
155063932
751422820
344074152
617434652
914245942
734773142
398532443
963995772
995691040
983643837
104352705
761297452
47863046
694322762
736275522
507547776
747224079
750257665
696945992
225676953
805489334
207677042
420612761
702996598
375158505
984903708
428005753
391142120
816746399
659186518
901275119
789466756
817350803
672386264
936218345
267763364
857510613
961550399
99879287
620948489
490697695
367078545
181585744
917126512
607953114
345632949
105538579
632735471
60460764
606753412
492776692
260618476
2736834
829826856
21485390
57907956
96477720
225256794
368689464
952216694
834822643
465069622
716447935
975813633
964809995
13418776
908270443
649241774
598834623
767673937
513003753
293054777
443079508
826145943
246748146
460872143
503564203
304696682
807521005
651611827
214818601
15403003
144253702
833752205
389446202
746976698
114702108
957755924
699066363
215953375
346147604
771228607
310130023
422774223
130666130
203238054
403565668
980867537
376255618
515140889
983148440
65696595
706284842
745733379
355701433
508783388
743923167
36058542
157632182
461811274
802563252
73759932
35027880
935131217
281340193
537183714
611889134
92310192
774270903
681573191
368479332
748137448
937807497
643450410
621520504
361263518
111068575
519863983
272057106
304662235
110021387
895220221
186946329
24681252
156883393
598475973
743567604
940318589
17747179
42629254
332298149
913703355
265171153
40919232
326091194
109970287
443618475
68584198
102486363
445421244
3285373
239378338
823239821
585295016
570024934
337302651
978800421
58749818
299418127
272366311
909232178
609199340
985588919
414259390
959477006
298012779
714263880
856937784
758984719
985802136
722443684
197116731
538430703
802386578
306360841
438033086
158524651
493703780
594742602
400496172
463750931
825622060
893760309
568296161
113043409
39294268
925934524
820564932
37819420
492544124
747003366
365415792
431487529
137821407
496941515
269714191
932399206
996887589
754615515
712301857
116683944
812915638
807063377
442351992
24361098
516829873
13816647
350115703
695985471
701168742
242188035
955717986
324705011
886724583
525265283
90014350
438305591
596661896
331150469
979737972
488569627
509600430
11218004
732757400
507968996
394597947
100267323
712314625
290527289
416002302
844542362
277073951
38011930
347446620
796013008
975930491
199383411
391963701
501585674
282747402
1816227
785655088
63011105
684015434
594550388
182841524
664700490
137829639
334210067
216110837
591532524
705236966
731113812
980929811
595237805
30746882
96563227
918232940
106539890
962511377
56079481
791767556
336366253
884079122
14689838
512236394
167444709
114954585
437507532
451989986
449479124
109966574
701384434
992274561
729470324
952124533
572558343
836890741
186144327
935514616
505244280
475685254
863624111
122121553
264475139
595320622
153487343
838412399
328302678
496604724
448329888
459638598
588426323
396637252
467837735
791367274
89097190
791299097
656864648
962749244
289895940
268087525
589084285
440070275
147010026
980819520
615024922
736719851
861709581
215277517
125675101
591678006
509468907
208001563
733732536
198548437
220922630
992623046
710549867
236170733
976752749
245751217
807921369
499460001
860250075
912465187
982477678
430958585
392621954
475008493
162325200
445761840
845294915
685113936
641327764
409065949
880909460
10013805
690902485
751524040
378515840
968518718
757741308
375689450
416435004
457319905
991961065
59679727
590157530
132129474
121081671
79212633
866142590
132299923
45414874
636253943
968604868
657312742
678843616
376297386
514310543
496626264
536168100
284146126
966526333
323510330
43092756
646752193
791510524
587639568
630085882
381713989
416392246
892259345
611310196
402446440
636890323
702433354
223957292
170552273
937385195
671000760
696104993
23901026
698479541
931455922
84486635
380508010
943709697
568368665
996203512
370444740
768233298
552885487
82470861
986041022
595389350
645328711
156730969
422637649
78536156
365135789
123229694
839447438
652076883
428500340
963152033
24748702
900267490
842056998
231454851
695068468
564022875
719945690
491486457
426008752
656998920
262311196
334443932
910752825
724312565
200875237
355935017
507263135
179770751
880845438
814716410
42247420
226488605
547253501
123850601
63082504
36416276
538430240
210269875
325685724
39643796
313243122
471380263
988865580
744990369
106683259
521211853
238860559
987352087
234165954
27838589
732104260
652316716
284046718
466766814
129477391
831597066
972117391
77784544
475724869
112612003
296663899
677358764
693309439
992834103
507822877
282848322
187788907
717748938
387662051
74314463
174371571
17018933
835579718
125118
880549628
388785164
225575418
391745023
152186111
488027034
160816512
153894815
632292986
118219218
303938486
611111066
125824943
659264025
208215870
176207074
371659805
993265840
546440260
42964003
547462462
816385408
429988204
193368710
425065973
635148751
558617207
50710270
576571157
601643965
929211993
134648605
996085922
349063025
830143600
231834683
175456474
170742885
862118705
267685178
26038567
375742441
244923761
10454455
627274347
312529603
671187698
836678455
634559186
365454549
870956849
833780076
821342373
911989413
725402751
40925304
79904090
42586396
808006634
686078775
130005617
839449611
141276170
505836636
609540990
367785832
169325107
411531511
66992674
12068215
309273983
918547888
123095341
796033534
772244296
401720213
107575960
5156200
856976948
155624015
948645893
70075100
391954984
446093735
158207854
884681885
992129773
616774508
444268913
655616605
950696614
755300105
417681007
227547904
289126172
390058427
295574340
63720093
444430325
427133117
500629888
62778048
65908402
645484586
639953508
305151248
751476418
682161062
749163787
564652775
133112625
259856725
51089592
186807610
788452259
539066815
953165995
888287047
376381359
272404621
520781476
732033152
316809177
721253220
799489290
307752000
259868670
196277901
464098099
478297722
266758011
628850333
780794440
737723576
118570109
739294152
201529659
236927774
571220802
946414951
98618502
352365577
433171353
382362833
21716881
222547203
775298289
109269785
505376243
671320871
874425247
724414134
168309082
521730407
825407853
23202964
982915789
477916035
796551187
147117895
300226860
507326212
397586825
623112345
46549618
501491041
619351918
135426505
541397673
412717224
685557781
770281894
124406615
794258818
565790655
986840900
534983993
382036091
582533971
900263777
589763148
259785585
70688913
40938298
67615428
374505061
249577156
182366550
973288424
745525212
926528856
796351381
962122463
601629179
732302692
66899018
129261808
836102191
306109310
5847511
118848983
758798562
150547174
485783745
467574663
403297767
605751207
480628069
968138830
44336628
638398714
717406957
869299243
235381319
559013458
880032150
777888081
749951796
22591234
51199026
127014961
828340730
934586904
144234563
177574083
943009052
493128460
126789894
881866371
51522176
333872938
958202211
546655777
493443536
615928931
20051088
468468830
117073102
343289202
364071696
291917459
486895335
839104287
269674153
746731537
125288672
59600148
45400780
133435660
240704153
451436789
400023776
663413540
124689798
555225799
9240076
233324072
593444788
674637319
963539437
541189746
462891886
997534733
402673484
771154967
404162734
674996566
422118573
572873181
43417654
480317908
877694479
600720255
787555564
846736624
654172424
647301094
42652227
383309297
320999475
464476645
506106327
32813001
428282177
588457879
158358158
118099862
419362091
491804322
403707230
264134847
404712015
175651619
537893369
431074954
458457214
763573318
942469119
18467866
232040306
199410050
78818430
959925636
709399882
700112990
375582416
518207604
889038068
552129541
1638350
945025588
967901011
917233958
273348694
126809027
432538395
539969043
524856235
274459897
560906749
665408800
725195852
694305647
331057314
464766685
297606355
796032952
248485807
666691552
553572309
353653761
472900805
912736123
270780564
261187213
761892959
677269496
558814501
73429086
240180632
236472263
961262865
972674392
814540404
653661912
84879110
395147930
703131231
160988919
922447072
404048805
183403642
927744681
80783804
105973360
919954985
1073795
716817718
841841856
381192704
890470879
406202759
547381865
772421595
888144111
958534402
169466996
855062293
983613760
965251006
297890874
125800146
721824851
924443957
735229379
778738174
162388649
409616555
529585729
770923637
744815094
48871346
687117348
470560221
970099011
562606521
781341289
988546082
292182991
373617589
608367297
489319293
539237415
61901961
32385460
413828085
562394066
982339375
93892938
433220754
275543130
845346173
322516054
582464435
748657446
831910646
169286850
188551926
428527100
396877204
480255490
694872855
645975918
495433547
516822425
851720787
896175422
265288699
595603458
424615526
873468315
747818911
201838581
386979032
556403011
771688892
410098148
438787848
465649465
992921277
537959575
317028745
565677662
930339730
39221891
519352777
24995901
406365648
496577632
996690772
285118176
305064603
650472033
896466735
624665187
694016792
892023552
975593258
326029050
285609935
727619482
640362319
997604950
272932484
197759994
579555517
352338362
974006178
202464679
911733646
345874251
452948022
843354924
541489716
662405612
624300156
551759460
859583542
936713214
184207208
83902852
128649928
720054544
457301121
274176105
459920615
807996006
43104561
317943947
764322065
403438752
927045522
281166003
746265022
814434965
909135176
728814891
117228972
408964655
752921472
917650525
777867627
784348025
835604083
814881827
338809308
451755173
713684924
42833475
633567070
403605072
770311611
611965305
197885732
527584249
223097498
773607287
467909538
444364172
134163830
393638218
15058238
790042456
173897342
905861559
509599378
683124154
433768974
920810806
172964862
899694798
604614213
115089540
120490142
323319194
216697401
832257203
233973584
400201091
33511555
628487382
878352927
415689987
290748073
884869879
466528585
2129143
981848614
130494459
56447201
941720627
640918731
778490493
84569702
536439826
59765083
709838619
671990613
652620236
239319605
533852848
384741390
843767514
421137968
668631078
902962138
79186470
86384674
652053852
373434147
576248865
693134268
101946094
612352552
896936976
867206392
402718173
839289031
393499915
146996371
384337697
928087232
825706217
23374348
750221084
689803998
78148568
617699800
809245615
170883417
608288606
416251297
938762355
553978277
369462189
492025129
237829872
535303958
269679038
942807653
145252258
232601416
794693910
267196839
37572673
93307918
129868288
151755820
801761126
349616451
786173010
986435424
61404456
123440943
426233903
663284253
491148892
879659864
792407747
590740045
998039347
854429656
522630858
831206171
822470689
994888832
993117120
832491634
681837895
493914304
819023982
543456605
264653277
21271083
883199080
294339136
369231821
886016789
194631990
903073118
41967324
695103843
222903153
462237895
910798921
398288406
895104516
9581136
806437685
54054955
958272629
838269484
254779687
23029864
817444285
388844137
499223291
327154517
905241874
570038328
616712224
35599591
142882285
684110564
54840246
836057330
809209090
888625029
325373705
662890818
746185929
510378146
233660090
143681775
568914098
498550742
339919138
940865378
692401417
626795301
60959380
731963878
454855644
271763409
431167010
34928915
259408634
355811115
216783920
185040246
216427662
292254346
240199279
430418570
150877236
583055646
537624820
675160712
604150039
419133609
35868801
146174590
46317707
891178236
127981438
35738380
863248738
62685687
935826190
614163169
736631284
242760048
21111436
968041258
131770042
33116544
866526734
634530779
58178676
462393873
122842012
942924894
251993078
382806210
519680604
859319825
657135286
397225312
416555635
450355224
653681582
716260250
495697198
461787044
694506627
125022744
165317796
914572650
638635497
337553663
254476789
161531839
843185462
553188257
782804098
137045866
15429278
283121693
357532307
227358749
85394780
779330978
382681304
811721501
474885542
38365539
436523029
630517458
128474657
413772133
148871685
506378189
757354455
277502709
703772414
46603494
238734148
872091366
186349564
311543996
40911622
302886280
865205669
504527076
317851286
977496048
485222163
336613722
382910901
834722299
317671979
820927671
849518762
622388306
254038452
84386810
517135909
820407660
281340533
237533049
248809549
337368714
362340590
135591662
437780615
416818305
926394884
503527584
860675797
667635818
453915562
194243925
21171940
896998870
208143781
218308315
709289391
149664056
854563603
865254713
444884573
505546178
19429221
4912111
491362136
298759768
693306800
164742031
622934177
857978927
252905364
145855346
550036658
723068080
997198932
127404670
906392282
580814827
538679045
524445262
479653435
785162304
120426886
476166576
627432877
942299839
513967382
386096400
225108045
415873993
214461014
175882915
285031593
29021376
715865806
59971656
308690091
871793149
465341125
981944428
68473870
593892711
856907954
326104708
859373785
330411088
942385217
299513024
154684747
925267622
159146587
69065287
48638187
366487518
528348900
748641257
390741125
670374414
697041222
58428081
565434742
74366682
13655161
450122486
566871759
468283057
798373155
621491243
740143162
105272003
569700262
24323208
610151366
506839970
450444442
891693041
312315723
360948188
617619913
44268250
368995974
464612773
641599944
565889584
348154127
68507342
800722559
182843934
828432697
356100161
797504104
25195855
687373356
263575108
548409418
66818584
361889668
281904836
116152140
64426804
591424945
150387056
968741233
680232952
572583112
182259
590873483
50766026
689349234
205077204
265018591
184381330
670699368
582783574
594870860
278216256
697393000
559148190
972114304
456938112
295536896
469797745
683318942
157860149
943774748
415988448
412291879
886709246
683491360
668621228
99947923
456986378
474379043
469007770
53961965
516370715
126008279
890367277
921904735
727862422
756711619
761255004
796456025
200546559
948828176
801460503
122054426
75419389
133514678
478305615
665296076
780690092
509126718
677415900
189021433
940830238
823873660
302370600
236931991
191682898
281682786
171539936
13106159
975775656
167313377
428851287
691324179
600411121
3685403
359410314
779087997
781861368
377155246
838874077
215026427
89045943
539005855
159625211
724259258
562816678
296738912
271211900
193200335
257049394
269553384
493237670
206160153
371468251
188006004
465405672
996260334
545672926
819019041
843096059
769415985
297941350
120339402
780259330
100706239
778545529
89727884
524868847
197871308
695260686
589372774
152104351
194035123
738110882
686902250
108924157
979561567
192597018
686467485
396620141
899671424
548581941
715519147
25606886
469230829
67144827
684346914
437590155
126508766
939481753
771037317
200026217
343302742
833350448
275698545
274627515
610937607
269978013
647102169
175061123
95083471
600675179
775352580
248149805
260914636
177049607
291141384
551301537
597160731
333948774
667985103
616763979
293896145
195721998
718337006
838196263
681700141
723085981
406578373
523285988
735313110
50914879
677410440
264533798
377864760
602903738
640803407
569772033
591069299
372584758
304694688
853479459
497017921
671387943
68878036
558964043
827649665
269747958
915824212
430624968
247051120
825690763
802211935
690319809
141650065
51354945
278359178
70901741
381887435
521395536
821876049
3287381
348175340
815713134
390690245
679029589
474875440
329715889
402142751
263910252
948136311
563222876
584990042
409224492
503711192
851290404
757933971
916313487
393422814
400121855
260100089
915102550
712233448
196463889
330471198
577450753
640309083
585647
594667722
153667994
569130972
95567200
494297121
730817611
664674323
700052385
898796553
984995953
553222166
462151702
691928115
13943953
800821797
197786019
754480003
232558873
176238201
788204997
741732836
231431086
734728796
933733983
825705611
472367420
556048897
775838350
848192055
44509068
557266185
112658926
70039296
391250967
419412797
200149164
661066803
907053261
405162376
645510375
727208573
184099154
160866608
970866875
190998233
96154617
354763223
450653693
340237175
187547387
873842484
162123650
886235878
139854182
186536769
621907582
865278524
191412613
476843954
410229659
755059791
748852528
430722417
996595828
817993582
762819069
96958895
879508939
184613353
194065653
410770320
393867348
594662936
770467720
78792217
794352577
903004101
949742172
672435634
972239451
248111021
355750964
295538853
229466885
450011940
589131284
467135715
145945834
145279517
676511680
72578748
194091807
972774773
902450184
112633760
704087488
747280387
236508525
922032362
40750307
502702138
801185431
986983054
951740336
718893655
833417493
868708161
316165798
84501839
860932629
631789370
425862004
433550096
235470210
170994773
679823668
500934582
805651104
431989650
142705220
831440551
820239078
431887692
132296898
219530535
155269001
168385316
239769222
174347568
771075322
398147478
617873483
261357349
425676032
658478762
604500853
331439694
373830726
328111139
523184765
292183429
336922537
462968280
588081711
96292672
941388318
537742035
485261798
276569419
421098997
301484917
549980274
982068175
12505060
159145691
573380177
471158587
347749006
40795481
597433002
245621076
676520275
393518403
446545791
460157958
567133854
641305135
862375665
113157225
317383704
349881612
828338316
728839471
788611384
508974926
804783532
978295198
544876267
899870054
191230473
940033282
825583809
416990825
52521746
487477530
718248070
53134174
365210839
6115798
465729431
922849563
370306023
672792015
736195205
543732892
882657363
829215633
77604930
798494661
31098419
842707590
961274145
503221676
998368800
982306975
805961534
571219848
471876861
680640849
654142731
763970686
580170594
730035424
593724354
90618919
351094262
539582312
254970278
959196746
262176674
629961508
481975886
15535694
761529271
661573954
583656896
754971413
102416213
853342870
558527514
531366292
305920739
278563836
141326268
320874899
527885926
122858681
387293669
422029033
58931729
317175075
315706222
129630768
330345464
743301041
121787507
521682495
586991415
856806708
447702169
499178544
996737749
548960717
418349410
634519919
508417924
86626554
160044418
412530716
10615810
158128107
899013577
803798045
850537268
618299747
450141464
550397413
841655061
669474296
524024902
775152198
163970678
171619186
96968237
550080060
553607316
283729513
484120432
248660393
106633312
925304974
542435726
227558333
350431594
183843805
761627657
685822716
294042530
146817058
569564115
458896234
716121562
190703155
719104467
230913978
816998813
302839019
195570239
895169183
35510871
311060677
702867900
907956128
850868526
560482225
185498594
408126003
489490486
918236203
72499802
388325094
282296003
662416651
348665636
584211224
67431714
892033944
171757189
232818007
115907207
158821156
733892744
151526350
202950604
781891825
974709115
155546903
97660073
705019676
395037418
943118053
326691005
919512468
153089586
62769399
627607848
17906487
159026328
637878015
917827247
457518904
550681703
401625582
201169420
280667631
153845315
575061627
511471243
884342304
67611574
113610465
786977208
591969470
184195531
327694133
929686028
72413787
846186874
189015805
43233663
686636131
693152652
647814893
812093358
229931646
193773683
273879953
322060897
90857744
546294222
973469980
560130311
557836358
318978344
504931143
62911945
634083335
871317616
568134477
604596891
859724079
783167557
943022284
391533772
683599784
486483531
253737958
184156278
412156642
713862608
547225240
31564685
305653400
384676993
612196916
402170909
694628871
847181889
244838193
290036522
732554466
915264917
832456862
792202358
483328556
410826581
147671216
523372986
543117264
166622906
255219655
930580453
129257060
586457389
414162915
928574681
231439544
559628160
749763023
656733612
957179157
803830100
87375662
539771857
66549399
504261957
294642594
832116137
752493182
979336458
930830178
443836060
477134706
535316181
180300830
473679340
270086899
675729358
619613700
533082817
598000560
439777092
434838447
192670866
375665394
191604764
47022176
212739864
695197691
80748403
21493282
459521001
201375293
419959811
199585270
915231023
665479542
602862312
820790210
404605372
246470995
388872807
618751516
147694834
434457061
152595581
129058074
892327841
717082149
573407950
105583084
246532466
119756155
418739482
517768405
50775224
416581902
311041570
536284519
313186207
218040789
447578581
687482613
89190200
698943410
442804272
158902773
225344016
346160276
851921116
350282392
615146015
656658981
258338531
896090272
343168593
455675796
150693660
560563907
447881029
944508745
691931544
266948526
123032937
124698405
283465989
731729154
919283389
244951751
454659141
524959581
932374721
451122434
998541797
124612506
504419198
775607231
292844259
544738345
883663309
274364407
347469523
285012285
140860483
554582820
817482584
864562309
529898876
875495231
218050125
175921236
360229261
733909834
616123386
446203704
409705515
954404379
734710667
14628251
438011558
614146668
396111918
577801846
735574943
725789356
739593600
780049965
700261141
945759001
540346997
234039293
314929824
288967558
790512270
901295944
629191496
278067398
912905672
29364395
92987371
938092532
565778299
313675498
76773361
233027635
667977981
860819686
101130680
441785610
381638929
991660719
242703193
877790422
611256284
738321587
534488402
40794694
116628835
268740626
663250848
497745625
550616497
894329266
899114825
574034513
669933184
637559779
674281661
844916114
967537950
402782713
200071258
297791785
308995916
869511739
200338530
85321244
372962716
952783908
871118079
406940406
357577958
379240777
779085056
376268484
925501999
103253819
315480634
978347902
603276076
305724845
725713852
796825689
66660988
754115657
192057471
236181263
231794160
99504492
961937513
845880113
216504730
184883425
748874106
670477511
954843270
771376204
517653780
358072505
986654761
766556397
269686560
484307661
549795857
486325604
699363839
138478697
345257411
533686615
323067227
677564183
479454894
229874359
87372124
787329805
845205674
678432814
49400761
733509085
498708796
29540574
683930922
65577174
377700910
856380973
734309341
322184264
892041862
116371439
624975965
845986408
367349522
944043618
930738476
757349134
949148000
860730996
207660811
224001123
946892272
154069094
936155217
528966825
177499617
556529075
297029192
761176279
832387746
89952091
92306589
732057675
658305085
495363349
48190523
852955093
263585920
436943131
231295755
44120559
795935819
277128844
581418030
85442056
904483464
165632763
18111401
849264759
160233085
727917347
353179743
668200534
711954815
742233935
338943955
13412174
285147518
817620007
457215433
25850019
40147321
393056074
823938303
66424999
785792123
328395011
575423363
347942777
235034748
167935287
626387594
560922290
470522607
308558015
438777710
234355640
9813311
926365690
11804617
752565025
991145758
524514502
638603292
741850666
170983195
710696516
294542352
921398430
490693545
359023640
897962818
94396798
881018045
440916331
932542397
178710174
847639025
828598517
861650486
802023736
726721727
652084222
329832321
518044808
606811575
649708726
758487202
960715850
37650056
503785862
300178831
774842084
500799675
282997190
869241808
682181265
792277072
972982190
184657968
746205171
478544042
369329175
299298344
68617312
183782545
172554977
25697222
404294161
908286943
98002396
977073388
552209766
807730751
128313504
344136527
439143795
322250016
464010946
588729236
947939815
572611276
778764765
483398798
844419050
996240041
656847277
820751898
227186654
238007279
404410001
836546789
691710718
493238010
326787800
973172130
516392632
72187530
132241044
977301402
195398298
79570241
676173565
915901503
731713314
872094864
459990960
371225915
696552531
291831487
537060451
684305653
92146809
707784300
915288490
343370642
325472026
424087560
709054975
966192121
320860574
450562419
904826204
501804158
831689517
82593501
491995250
110099276
251201339
177823103
914340452
857971389
327754907
436769896
163402433
152193684
336788341
824136736
730399609
868762493
312026172
348207840
343324567
697451802
751733897
849825559
352047233
213037
436255821
790445917
66672688
614291894
822088304
800203030
799364030
353909730
776486191
985162289
446043926
821105922
698519792
570308344
432051496
320910525
983600742
41994562
734607602
568275219
289334355
143916940
958563896
745601188
793263525
154220400
466049647
377408242
388521352
407482893
697426401
422852710
146648859
620980816
2239206
867937166
517153633
206794900
464891861
472605797
230941519
486625540
662848927
937251816
750907104
56302900
515100051
378030089
551921738
144358286
502844893
521599622
998461817
667141629
267961074
17169452
311360514
332548154
859841815
114400488
971976382
687151393
598835452
818617960
609741768
99999335
579419139
495501896
293626652
199114126
720279401
860274182
563138329
292428126
65612149
930403062
330840202
750966326
874946514
820546700
909814587
564918908
262184722
955413685
998948614
519209222
984195737
369264427
835471428
624187980
546728035
955831343
144185513
175124176
339347038
219607734
275414365
226575497
842959196
236786070
968870267
645965118
210793678
289297728
136589890
597029608
755049544
357843048
301146389
130964806
785627157
320403538
659958974
581192919
236734176
437186059
628133529
86718675
204975806
211210511
134771835
996629194
791409182
234147128
902733392
816432115
448565921
545237448
37317365
552998985
93727663
918157661
788876910
797449953
582731858
129270291
807974220
729544332
687991580
26522457
921046193
526488561
170782110
912235579
856279256
508829761
621470668
682079526
364696552
294713300
660932875
183248126
134668458
925467031
51582035
580065433
816529973
986488575
969454084
158385654
325850248
729433483
489803768
208359659
133385032
876133817
622928683
357914979
641665398
34073157
169421876
736976124
899406095
776560631
874639306
438881072
539703278
995240953
44777973
110249524
866618553
381175008
236977539
165207959
788222903
181674905
913357280
455389790
441429693
253469629
808657458
139002313
911021789
275279242
533704644
75534212
54336384
697603227
529481680
337439070
199132495
90865740
432114715
530971557
394614617
850842345
996375180
804732698
76282748
718817667
271796979
903862692
510368078
305095360
249340441
769332437
103116120
569674813
357665172
724005630
727667626
417551161
401446586
88532120
145533602
8184560
911882480
189204092
533026727
258696659
6739440
444436630
556004555
921712777
773196548
671901178
600533333
442070481
304382895
462442685
284966826
606359267
27269070
100993199
771271381
290541213
269789471
319178908
55498459
444527680
471821451
723948198
263763701
908527311
977603581
898176299
455236527
10542488
259545055
402694976
690499847
417575550
850864504
194319935
127058877
445367872
419729629
78031210
864113036
491152972
761648795
812045996
943183724
652428390
221243714
369219561
115782756
382516431
994524635
585198560
599118346
114706103
119859108
34680347
231617592
495739117
476563753
375853366
528978134
977780617
518916929
755889586
910373739
129178037
102006502
82971747
911219322
323008464
315425105
406132972
90648238
947185051
448051016
480768985
788617237
283430827
617932084
783335023
949819467
202654467
971093415
432075358
229073277
804457314
651017262
205862770
318558140
831810996
96944085
310390972
808621504
522994107
811098425
395760195
385980587
287610554
412046430
337725480
139934605
443388436
555583074
250581923
643228559
207243105
946970301
935464546
24977537
844655988
680236835
593712543
276421177
279827950
43311901
990364930
739504926
227041171
957567397
728288080
581730216
936012699
306608297
187652411
380364946
966120994
997682202
326310072
97523779
167573601
22457846
250243238
742371341
515984274
244611293
415193941
964715604
263805326
544886401
334974453
550041925
704712624
647300848
328925397
392295336
810212909
542251250
243266246
323879377
512047436
45063424
875185432
263727340
781359785
809127845
981411345
454751178
610629025
530304557
155799254
333615246
116621176
482238735
220656344
70253710
120431753
463576203
423783164
359135266
171473604
473300381
318643390
843355751
618188146
296795810
639259293
929177006
326044236
235150359
101635143
534999603
666678719
421924611
488192698
71695050
20529820
240889840
318711424
865571383
673237760
426198611
482688216
823038992
24798584
70924194
123467826
469452544
537486499
8958196
37231248
903488066
519085347
833054674
84766951
39190660
152088939
386536544
800409307
525990417
374570625
24917517
316405294
606937601
911490413
45986629
610215657
988080588
895002922
323548475
188462499
238436890
726653537
372810077
815513630
586627899
24892444
323228765
556926041
169126579
491975902
744818647
695895850
264284728
193276791
698173050
22607760
503362179
178626932
679163652
771388481
25060179
506205331
946311579
627524698
969847379
693878477
208324640
362574381
179703080
458327334
410004413
132501119
298247847
50330277
220320096
800005173
520235918
129320400
262160167
166770798
749728554
635717884
738544013
805335688
197231641
357259024
558981924
442082832
808922154
423163852
240340649
367837483
781948290
812620257
871858671
537319777
930139839
162816825
448282333
644726646
372424475
441292129
92329128
522357111
912893701
700764549
122352737
192960621
83933129
653620429
190387612
228633065
365639573
748507127
962260333
203639941
778832292
3924064
653306877
599807477
117942004
361377611
568771771
441222328
114041142
549220995
423344973
721368059
284360995
679858031
384186419
169287720
422347732
994190443
26131672
127204920
107580614
661032971
984917974
733400025
646954120
206876628
802462138
930724242
970752030
332782338
774465273
703610613
589532940
442146705
253580021
82015974
951248102
613849101
100862765
865691565
470828992
642253476
941770907
304603937
735005900
567679749
379686728
14520346
347747312
96729619
994538229
241021490
1531211
309817690
516470429
240075794
194722742
535470860
732830551
184744842
813906048
751767611
361107304
369564791
788068243
205345033
49431255
330711893
151305008
790450800
503042309
515477417
232946062
445175776
450800858
677691157
472737846
634635660
963228151
342272135
191773444
397607653
434255412
105785702
721778056
3909006
998697905
930750787
398476314
983661358
718955348
508070318
335518687
984245305
67824161
688210185
77072961
436205564
896217668
509547101
115620214
29145527
446867117
811619711
826341607
961939457
636974887
651912548
227795357
325213484
394780273
436552956
558325495
107431666
222888142
202223502
422420459
163960393
946109053
497088252
383956529
150333034
820485331
509671735
647814039
874318722
245176997
104750508
348251166
152661542
786760356
548514099
565208133
963254302
380112186
564826198
534782119
256038953
609524935
76652664
428839896
822934378
716939257
694545206
629634531
220187503
101185933
591937621
648099017
348099085
33380654
832503466
830567281
212384673
448695378
941235845
447792465
796437218
677805761
388685125
818064604
38384339
423471942
913275976
158127054
597387855
887938557
204691076
646721083
500597807
473241090
665847516
745449083
167578431
300672711
139023663
464227530
235121813
921220599
766202690
995995132
389099088
70932871
53317279
971118536
676459993
456789513
385743961
722129517
893845760
930820957
808678758
797670244
15120930
277533178
138486039
995320519
709396854
935230504
423136393
600304057
584320754
331589825
285382358
337467360
414601502
688661722
735905569
889884631
337858470
580263298
336967029
736828768
444070257
535099634
588273176
355191316
633775063
302045398
194367608
743625198
735268602
926859754
78586162
559976708
755289137
155270759
560840724
162978066
903490773
429206267
758960889
929281094
234245376
452449828
902681702
112959789
508232142
600493631
789368875
69058708
520967976
454378928
362810203
36720663
20741396
478282681
132702133
975136148
5675447
636138616
183453624
804323829
495172329
659410060
367002739
517221729
724397648
802997076
929602289
978925368
240997507
105223737
911219859
445454406
70182274
792652913
332322458
802822067
563486715
123145472
555165002
603578432
792956198
507948161
534000475
483049420
534110903
225766880
768468474
773721488
713350027
569069862
911566127
779217461
801071784
140692650
77088314
974862728
626749763
482471325
397330823
264933293
740101052
35533712
64622915
751367521
481296814
889176475
951532514
868480083
796107603
562168704
256719943
561125490
600056314
784306436
23340193
271321371
568540304
279703742
11973893
661208735
256049752
313015103
830854496
613530111
433589861
565751761
361027820
782300387
372977179
894267334
226183783
693054080
20933011
555662292
707370908
823674132
476326162
750413122
690885020
708855192
138529263
895971166
361569615
115253837
318608793
906731369
72126203
200580122
873953740
906435441
496784492
872682233
670010551
748730522
791606681
300044558
571426116
474000782
451046735
291325900
976906989
210902185
500746554
402496459
5456827
537580924
137710705
269084694
310486612
628560580
953674692
647925778
280830388
705871029
441101611
527050368
554109636
258161605
167345704
296916165
447963103
523819220
942050813
349573659
625460269
520933744
838919302
256275182
400365375
621290631
886872649
476684513
193296905
421802917
671776100
79326174
331535885
273163866
892347431
632211006
530789602
709153875
287682805
785969209
704418080
744530361
4810123
871540317
208338488
867312469
563129121
83022123
550187135
366655574
471383860
735985943
659934696
388424680
844205075
694576543
64694951
311574353
860045127
518370339
390070114
629006454
212822256
342121895
678260290
369861470
514949146
154085471
998915119
591257705
160040621
590049233
204128282
526976960
422521154
276555609
401609412
46206047
151791872
395724159
501564345
579042987
72845029
825244088
686513353
220554529
643852480
941983766
569767930
465344158
717387273
978534381
557501771
791013090
962727185
261674857
709244798
871423646
182466638
347489912
623259294
152942575
596034663
689760795
127889893
882120116
290355973
201996293
170644598
225844492
419091085
292051848
985577655
873966868
223628254
899826847
600418571
20918063
855365605
55515187
884706158
642929752
354430674
837801698
715721368
98448908
865485432
784921218
555597930
423564404
281682647
974397373
316604570
528749675
523221705
315327106
521053000
704389124
190265475
94164818
646865383
925388683
987055030
265741413
739762223
757915352
506131159
389531400
620215948
688322949
992197515
11767403
420372642
319248792
691327865
826495597
333199994
697017015
290784915
383392798
7410743
12800098
903829450
48195491
542527218
415913469
478240705
291770052
401997624
355188885
939700870
278172220
823428034
890683608
175522564
768434785
416439309
321364964
491753457
536292910
376295695
649069939
725345933
676132525
377432648
343536999
364772288
48713529
631776335
175367739
208051802
434925713
827666981
129859678
705978091
704645363
166552887
556078872
420952754
524635363
309632305
86853229
779217550
36273724
593434620
827541971
774344451
734001403
509237727
231229169
46592502
155545629
638464540
840215784
582993925
345840485
656865315
935450047
87165986
868508267
553886787
957677581
777610457
566493808
712166536
330328878
931210863
384428186
213424325
314450400
582183149
316174124
482056661
472092491
428817442
983154615
775758018
679099366
161032867
899061607
42714581
12362748
220232108
559402918
904403303
487476385
453833220
624549709
30998808
647213996
450217018
198372138
508942984
595417829
394951941
348463582
988495582
223624540
97415859
258514191
571730035
492755891
336793359
609174449
670356496
39354844
617784097
752102934
335269215
372637579
869267605
473911467
792420342
369769234
162894687
541055805
974055177
215668926
981864462
548390646
981130440
385017023
986266644
924619065
949556330
822400132
416011851
230998025
194710299
367749949
292350428
483326010
661441876
200359161
629441535
475181939
603227873
176260782
452716064
552557051
782048355
544364545
570480557
49135172
238151223
987478172
156636720
415096986
387932798
339760647
154483992
311335979
32305163
496408718
124367516
612621486
186618264
324074135
326327952
881916154
609521811
625906355
686563430
302486951
849523417
966569216
990553134
320914563
59444661
10741557
995327286
266094432
858232450
244075724
117294132
188920660
70037096
370446798
607682325
91967841
352652324
192054677
336614627
737595150
304383404
308371934
554759079
200343530
939983113
869740431
600110071
412613585
462312694
99244535
663384744
851250849
517486844
54995929
859695572
875748078
229336861
12135593
311633257
678151293
919819275
808866183
113481777
662348666
248342767
920330297
581547597
379771043
674575425
941954688
753500671
208680434
778827106
158617083
541768775
899889365
250988691
494781139
460429386
333018257
58291344
933381418
853897913
392561944
371975995
214503066
297153501
838871089
666301163
98332472
646977849
374439649
575889016
779217333
229017657
878629290
527809656
276329097
437204456
108119328
976227404
296113378
951394335
1101724
511318279
40027285
605990787
517415697
136380943
129552628
75712740
419793790
245963604
639134304
495027304
98581692
145323630
116690397
985310225
355441354
102495307
666066047
440204497
969535009
721373759
595558149
403165442
854545908
791614425
383553139
236335308
740750225
211694037
784135082
356784336
204133924
638706309
925582085
305705355
157977949
831608874
986430006
758215949
293015208
69171517
121099450
699354380
262735734
133624841
264309246
130685713
130061849
595127018
948693755
72037958
340485691
229144774
443223151
128295563
662143227
459719022
988621351
41397870
100481573
351027411
911536763
273284908
329795976
992286398
451488794
479272217
804628962
261585051
321338282
378608726
644768458
276362811
497506530
155664803
758676308
758414153
359408731
838728566
118379126
202278000
14532311
761007767
11678781
694545281
78945691
152936626
862100240
51244599
984435370
811963109
612050689
52556004
142244235
231093787
164648851
777449019
589869150
421229710
108564859
925827884
43169545
940954444
201720216
239599803
24526960
216136551
760821119
608486913
905783722
11413280
312717868
261190864
716070924
311613367
351525510
512823397
216493452
27409336
187260304
549896466
425449456
863936749
214247515
610029164
62606397
501672367
830706625
554219154
209911301
588093845
917357621
665529641
35331567
608933723
864527014
422247542
269349940
123727721
787628058
778950587
950106148
593781117
629985120
754704036
534588805
467521750
280353459
995401995
82047194
185113021
265018368
603144111
982457709
555059759
148689964
470544743
12107484
606163200
770953567
99180618
688017468
555268319
701919993
890145348
530082767
188193893
499626865
547114085
841197183
39980721
601228309
454484352
452066680
628063265
832703309
226177737
319755231
122889493
42019827
671045797
553691306
732234061
367663811
530288239
650811584
563572605
596138908
304225496
402921112
222039883
107846782
334510312
488714849
587669162
623644546
899898576
44880992
746054881
496182405
440790418
944137376
864993611
918605098
765965983
666447751
984348717
981942984
170016213
81813799
694382460
746161536
323720738
598268873
572625919
932261206
637003555
970468446
976873827
947501732
749100709
665202918
100699695
486541616
18990553
945746572
672885815
254582244
533488169
384346858
842789617
746609815
487637834
320322139
890555695
594392244
26098415
758053363
909313680
657462908
225528635
592788813
397977258
670268755
864014317
267547362
120780592
695581025
647539651
876556561
723768845
963476783
506319722
488211214
249172148
296460095
429228474
224058995
914694716
26731541
961359719
742520457
111301578
628955363
883671003
813562932
119413350
311928166
153799828
785029766
364833150
880503159
674251762
142219799
656267913
371993760
516518524
315155963
303288302
656500208
248781142
526891123
904573732
507547323
146761977
917132613
291041826
114059406
888671629
882601642
81285545
33236459
801353064
922980597
435188209
385564415
586894929
489490643
787937835
489130259
819569746
400766791
595921201
837411035
192159415
87631360
520775859
484817704
699733560
156541444
26965387
466185582
811949733
215277102
337696853
101306989
989701326
619272475
392975820
615473199
730621245
32672769
855023953
156395150
747165188
199188804
701070579
491398998
882157768
689666376
255417600
508805021
66096415
141411349
805896561
95550960
516718389
74799404
107306217
957278525
911079759
186431878
301812821
151207705
900719467
995591564
632772070
985015069
639986600
942871769
479311700
199817757
213647613
495550484
713718522
510499597
132372663
983806434
248063960
125353198
397172464
692690792
956317815
13005443
154445629
898126672
976369217
180405570
615188176
422425372
883800787
865907159
538603975
439341843
927753524
855712904
103533987
797322337
79113703
640405157
736357695
918351935
576517080
103047019
817767045
24919823
501338163
246619281
235154945
761369663
255398647
79424854
425774802
627177920
971627798
852317226
683000598
821811061
199896991
888725655
244390928
888316484
134200592
328899051
740814212
381293949
812528307
115609739
380160661
386418197
73836221
62356415
986535409
248967949
732103123
379572602
555241310
826679192
664480998
661908898
768671744
526049029
103111477
511061644
602957567
405588765
179740030
673379478
652876222
298002109
573784108
304154539
799070273
869729291
964603677
463059527
629227388
281352503
74224748
34146122
627097827
314290060
848174185
990112372
798684488
553575069
393464851
28935305
218286487
281293189
991574073
521819865
293668677
969965856
552288312
399078492
616385234
612797925
725287308
238709776
598840751
750194986
109391473
314228291
233671656
703328703
570550107
287081246
381082450
376560242
476570090
360074151
977839927
221889956
277925676
284214756
765042701
236729069
314351283
93761988
10304448
381019624
35343432
268516365
361197287
281317355
548204445
976114595
899731512
661314887
356070840
1223469
379475898
778991126
394997139
444231347
404483194
477571179
480306226
739675947
377500087
99675967
557069678
610899375
74138383
772267627
555576956
887855273
108169105
546268877
299071837
533483088
214004713
225999754
965538857
805316647
48946481
495968150
935644304
51444195
692322431
609079864
453768770
87266466
149592797
195024284
738853905
945509663
118829051
232384726
50987389
993707662
139660571
623262451
436254961
645540660
266057924
863020138
311248335
843655048
434432383
368697942
708422447
856389455
794660607
439314063
974334016
113845746
977531453
582211343
732317777
753794520
716629876
271310765
927890913
628531127
183152970
878642323
181233845
745772155
918756930
752250508
639480792
437919687
734557117
629383730
654748673
209948773
612427290
173711179
477277686
276864411
396864930
169928800
314764600
732347001
831816147
122864093
833945293
509349621
449842621
179978520
594689719
154756248
622765279
963772501
640796006
324910656
730591365
308478739
328192754
814388793
536795892
869148647
235133193
149838758
407206158
549630330
198014395
299363790
903766304
819867385
703614590
120593289
940042683
603328418
65387566
487424003
391761301
226400383
189610410
974041275
125770693
546637475
117093520
579698682
22393667
644438060
230969522
314199354
581239534
785629325
484794006
293849068
136039633
149126733
636792523
161853065
723349655
186712856
455336628
957223387
771251202
303008531
772962449
575513163
802654067
511281504
249680808
939945825
72434839
715982814
114167212
61911271
120933511
687249084
588630307
791346307
703639525
180611224
848947370
540422825
813233430
827622010
175096200
446187466
787378446
357613124
698417194
376860238
878098690
285909528
805787608
36654438
89692302
944300224
483095642
990475430
29154149
849613043
195816068
649298410
627289599
488354058
636543801
394698105
976392381
710341453
300264691
124945708
81008016
882569323
680590763
988947550
923698472
425261653
175495444
146929275
595289812
402095884
623649376
982390634
994820829
3570089
577145797
249717095
651877322
230258663
307100598
134970536
238359452
408871239
170908696
410372063
278367302
153891462
580813607
724042231
782153468
834539447
950830403
63694657
807107063
906350463
207663490
257875522
390580786
104441794
212875882
748819183
228196866
755686492
153937890
100093547
851303018
5929092
320701131
278911594
633415920
998277624
814679948
322212020
882745723
935196485
456008477
376500264
543860879
611414826
519511718
183180238
509218328
941675945
849588479
359302599
307597205
703667570
391140469
741955958
626360704
620326583
669936203
444867404
460473206
528659512
755984826
716434558
74863123
234365170
964110639
674904353
653768869
525041172
164268628
169651003
364544752
399858345
620576731
834021608
170578762
947413914
105026572
415241034
577726929
856228795
257855244
852482878
787916276
653091352
596093493
158596673
231374793
705827419
955911882
260939556
581612314
669777323
78692298
488521419
497931157
618274810
187142586
97137632
702386999
799917576
77314024
850661699
733777084
742255515
309526111
234067580
334260351
775779309
712169766
12408702
697733045
725009682
744963874
528455974
752990561
859294394
284085997
69231253
358385011
293021944
115150708
661102914
293328579
934090019
171547979
228621355
198549428
173066261
355306156
26256508
900861864
580694070
412546559
691458915
288964529
206731218
311899631
148301398
292295964
885005137
569553287
195556626
708325873
43682252
699222108
95261787
916382431
341758628
842908792
272715665
119187384
3777718
603216418
236013916
871079139
981087212
624071966
804300074
627599919
671157747
333526292
441935132
719432332
832467655
125971259
673245782
222842789
128406169
768584998
146303219
859101756
10481522
158933439
898817079
173226624
959928915
859837760
66293103
115405589
266386628
352468529
905735975
205854059
231989227
150006992
345333523
583055092
510543166
70932028
904351768
710915598
60372035
26905889
427060769
91916727
148342238
850216197
577676366
11312126
295087485
432008170
877977597
576053803
146262426
37861441
877615279
633526573
942965693
566424032
728433195
456691855
660798455
810716687
592033918
408353406
565698479
108292108
363757344
678974801
386749652
902783475
465060970
930669380
188333009
586755092
392334341
957934319
996020761
954744366
479865984
780371459
397297109
211311025
423704800
885270177
434462413
326468698
540362946
831769793
644954000
71818691
991397298
998914284
621712188
279780061
914219403
5938489
543226368
433420235
307559983
788233338
694566862
86604399
459397294
606847880
334434950
347949949
306402875
551110316
111617165
806738029
302961623
316228573
125610603
324084019
238823237
836092511
365626844
277611426
212089004
813189497
48129352
708111466
186519284
428082823
27465352
212864644
419899060
124913259
412142693
21789415
146747042
869504843
965310729
617859577
491589975
319566474
844893604
685758334
317300762
787577350
759046592
159993187
161392126
265308434
898005032
954124777
790147882
109424002
653081713
253268990
631564820
686350545
215255500
545303113
503442987
732065785
200522395
63962601
698277285
273623961
873256088
255220482
698751881
839815313
21097325
996438420
713278029
792261733
418629419
802875736
619389919
574272782
718818616
85384850
402932195
454045706
251610597
455140024
914880077
579117187
619081688
533784256
91011413
496317817
470359693
203534931
172280281
808276910
170889067
599223742
545758852
932076761
138811397
177903853
122617347
369912507
602806897
265849332
462793555
204838482
661914429
654675412
975504413
818163902
718492777
341512659
488123990
917213176
549751539
53983824
697372479
880930761
986803031
146007393
542436776
892125611
939032067
737529500
357744786
342824942
641685144
121996664
611951087
938373848
561967500
568465990
811420351
283025654
663523307
315757043
23508205
745203849
600047973
312359005
349461002
715665136
4482536
98955612
833456205
335772808
194550644
477682243
596506111
402606896
255254956
912065424
267524758
704596875
875667375
678137409
677234637
180473613
991214338
164074950
837331320
908422664
642672138
589540565
356116405
837605051
624505446
761975094
592988562
853388399
713114038
500535604
28173018
247974052
135618205
192164708
315745949
161496631
757729103
783080985
822703022
592839970
864893914
288547194
807277325
356612445
769602434
640193017
596380627
429815991
251030870
952233427
88335224
503221008
729099093
828318868
113203024
310485646
591602717
712152757
459693522
644795939
286302988
64798464
378022998
818896027
182204723
890806657
723765561
35626226
150848746
168293173
393158068
352167649
132074210
978431323
484798792
273487860
263191901
781975240
280998293
347894528
482257137
892373708
942065224
607624887
114497115
915508510
443688143
585954686
958686910
906932654
160753266
398035372
991079699
457357835
301569815
825084464
11540899
154637343
844639308
27594323
916655188
936741736
883750861
35288863
151171755
779202591
214210050
279379234
358460965
261841017
630334069
632701178
267813401
223868310
8840701
580434680
205751516
803425245
511302329
141421506
230426283
116614235
362120000
815786518
242134581
234840751
865392334
237173648
88639439
997650491
718399267
294868821
538834056
901487452
940235317
28815880
998160453
478641479
217861206
175704751
693349250
871687301
360598161
705438059
749666479
409485270
8399021
792893450
223408503
806845831
30790513
186596315
971794939
598178425
356912175
632002270
749432274
424708013
794238817
730789009
64277496
986403478
314721680
598874114
224065097
81259526
730913630
361110162
17350028
47095301
440578153
955625888
138471405
44986331
104882002
225130722
797187172
96370365
478064919
669336033
103504061
65685952
107113269
687340388
944662739
895174314
574563680
703575785
988882369
612659323
799302055
10712709
13069295
200034031
204244731
857182821
836439689
115784276
82974765
260277245
995092465
929328875
619851543
599349883
372883767
773238288
997252072
56575721
28511030
42977728
613368309
756650471
951386795
462317394
350654731
752058124
604821254
937727487
980850071
601303053
313995646
86707642
427491045
705891780
794699413
598608015
327409730
757810804
185894864
395732390
477360228
706325506
687895757
162517292
341257871
783841681
941176983
531276678
179028965
552650087
512067700
233642843
572455987
115654470
575952633
777098483
723341976
288913559
921747911
759032733
488010647
118312957
383213142
170498625
815165751
927768177
156243904
387748331
480581217
812454246
53540234
711555460
835692631
93134671
157446483
473539474
843232973
83668509
12423454
359548714
963923015
251540572
747525495
755036087
703882626
951149408
299832550
746099660
687544868
413374386
447587328
864463469
145250542
890897109
7928163
102229201
972506792
241592774
932222501
822899701
722182477
508447246
70982416
265733429
390665163
513810475
370314795
67696165
385964483
925972176
468796565
829939280
525012700
375273517
31157022
897906073
569181959
760160896
950464999
584381157
672172102
355391954
602549627
661349419
494285309
556177210
539245574
285023100
20876394
600493769
798436037
975209610
733416207
375755664
366493774
458273630
642002726
296163240
467351153
205624391
485527156
511306908
217351776
401295948
530524116
105446625
930280754
431117168
91300184
522953468
980448149
936366473
447644421
583513250
671224157
923235367
318737695
569634251
875277359
999761602
6398651
653846863
645537269
976255525
658787743
698868575
15284104
287752348
37186744
615455821
370581395
849741571
766255221
265892312
23646125
723901552
271303780
987493011
491028777
28633032
930846406
781907875
625394253
536611545
471859543
358390094
471709578
241531281
673675394
900023745
429130921
220758224
363466502
558202013
286986310
824502565
110643339
881742494
783021756
98500752
903586989
315290406
440707933
720399402
929756711
994517649
412203868
454415007
818162974
823830752
742265737
140535236
341073924
899308551
317609256
626571812
952595952
187319510
213798251
728210907
115501964
562048497
423909816
8975952
532079651
423578499
371050676
801134317
429956648
218804609
784987262
670815880
961771925
825718409
58517487
124655593
124412751
258658654
646907023
922854206
922483589
390368553
501461473
286748985
722297615
307912427
403098286
556374465
695471888
30386213
178604183
839004196
835792821
755701673
254368352
160562214
572474411
539375763
286536692
186414782
16149557
775586418
763409332
218015117
743950297
858379561
427894175
582314497
431480508
243765107
478007264
383244374
336217589
870776777
727213963
483857364
617284698
445411462
256991049
191005547
823505192
989537172
432141215
228308075
617092461
702595523
217017325
860199387
11040566
786817254
588223781
59819218
752665165
58087092
7503825
612816101
897456019
363081028
93608536
942389136
665066444
43589809
186757792
232100721
802979207
997759490
701629423
694302695
19492028
771290567
699609798
657000169
873404549
826415224
127237462
975256214
189054984
656236405
640948881
961524909
191218795
682183139
553552705
243280395
124253179
744526847
27088256
310708446
340853355
157655109
410774751
489418890
307157331
281800406
71813304
694763408
158324334
76367405
259793358
825396775
502614354
847796354
609912408
395575213
57937998
86858862
930822824
816175206
781326245
546905361
204467802
970919688
32757845
210285938
972264204
840217090
22479610
395575037
697868370
54110962
513771154
463418857
218465668
779374585
496933344
504026742
344665701
747420605
807699500
37744053
470508406
470801147
311604044
328801098
758386225
812783377
26431004
437646254
342485306
974764372
332217011
472050366
2098748
559366789
819501220
787804696
972183077
288537962
248247368
282107249
94065157
738128511
544884820
405532427
521114860
897188201
435149536
765035453
631104392
92782648
446557796
1609649
747959832
437530952
908982145
155316270
123487644
702071311
136855236
154214552
655107704
183702437
360649683
261518319
947084481
975490048
360733798
684778526
839182611
536816160
739846153
19101845
389782727
379066600
899633486
976361322
950638308
113700847
29910140
231679015
823840739
904532535
73554657
724349808
919738372
970449483
568087036
341992132
601504136
912965539
324574352
583107568
976583655
925682960
395526542
416765531
737393805
987773533
491287722
724795445
980919406
597708526
18898821
688390243
506754554
798831013
763591329
601154256
391088014
746671299
747055674
306609121
458835219
723869354
540274520
180881138
273830119
551688086
808398738
731155069
683933757
394626563
282491822
442033262
619508886
401022681
324405917
614110078
722200333
838966053
530324347
553714626
955587378
443349320
235465420
800404984
257924835
180069304
753523335
595746312
560120768
876853334
895034619
458622713
151676784
872337559
201660482
687411633
836806837
529939742
930438214
465560149
305734956
847401814
341177331
673648437
671412406
378560736
307850692
12981698
502365948
900582209
243305708
720710152
103904382
309696319
222396801
638612851
677689778
756601826
4036501
898769407
688356196
778639205
856083138
859783036
76471958
568689435
799189203
887005854
483185929
434850209
473435350
908803529
219054186
331713305
315884769
515061521
772737074
265975068
146405395
410641199
192325659
712551153
730018746
844312710
610980906
310749975
213819791
278550806
975316251
734688960
350613482
77890061
594259704
496671379
737333226
613647544
692084563
971234621
386012436
978255401
340508343
251894473
962624292
260435067
489880074
377516658
663085824
203124815
867627415
978011015
455366963
647037145
93536229
365668278
824717192
680602461
488362524
140714963
485125331
818587968
460179304
356507126
265975479
84820498
957739259
942004902
304761814
34698039
726376151
557618347
806984296
181968219
910862119
737311707
646975805
962341790
519418600
271640499
254824192
209051487
767064145
531342812
217817041
120289007
195004010
295907499
342565541
739685184
638944290
423443517
425844968
130098090
601071102
722984509
751376795
131721325
846169985
991632681
781390026
322047794
374582486
211513052
860070007
278179439
805589240
387610390
142797400
78207721
103798774
703680609
976995039
938654591
273475836
882245987
268688666
911605848
641429499
959832462
994407654
418025176
334512679
920095345
770763024
338438675
836760006
878456723
727942017
233774105
358301917
444295085
537620750
170304674
358391051
683703916
883563478
90826508
447150182
701128845
227064536
76272300
528465033
59965586
137006695
288356923
322511096
718114081
553187328
412697555
204367850
326873313
583159507
392760000
239000786
850688164
881881588
800815338
61319778
771434064
408378988
372317113
510148080
329914514
160653113
395171623
510243302
502694586
409289981
416765685
5983356
618260876
430432622
290692119
140120192
719276990
48110485
991108675
806151507
397255681
850190747
964250350
302033302
173828159
807481422
529026375
749189650
513411102
655354160
654145328
331352010
891144969
568143605
833431505
233601281
514080014
646623403
183029687
578254616
985331322
147936153
441596147
86083989
879239182
130055834
88899869
255875640
85294050
76362238
161996178
386690168
100174758
695973626
142983464
817603716
253569385
379382176
145464861
490003859
405976443
720543360
400180456
794156370
690069671
841513558
760563577
271894214
857398591
779818615
373179911
366830568
416023045
686410374
672019681
842860925
644714686
634363423
877196964
313403789
245376038
658597764
283419117
433306315
156107851
149553735
186683034
443537448
22656828
687527767
471666012
761159141
884565401
421020836
339241918
126801218
306538795
911611345
701862681
322346615
355043417
295962925
278363806
296663165
608126742
278713233
871579116
733303676
760524647
533157478
756401739
97154376
374773030
189936071
194995441
631009633
390763411
391012272
929326107
671548446
73047769
503688559
840093742
999560234
636593514
104623100
977255758
619631598
64640849
594339145
301461941
271667857
28749929
106914668
446076883
83590652
441421174
293290796
725869365
382933957
911239337
203058129
562785070
683253647
330824793
185927320
102151700
98218867
921515389
358423874
754264093
314348847
800185633
794415034
482900765
948679882
408515894
65504182
505355161
360452172
588489817
422582928
433707624
474724305
672792212
207271471
507485352
991570582
667739362
126785109
563025309
217167836
177037237
886871324
768436925
275711876
6647834
567615691
881398214
351477773
302284174
219155762
141343844
430829041
198028896
713760560
690771461
369172365
896596121
365182346
821947680
31285880
351751728
441879156
538798529
962848449
455468819
448166090
53647819
362254148
30218987
317533341
676755472
407730935
27224321
173865179
847390557
665888395
382127816
395565412
268966240
625915524
247002204
81526746
960322351
688581262
728194438
651618889
121833966
527640422
5186929
384074238
58524598
446300638
488152119
402219496
63373466
846871526
770279868
63635021
80536042
580410681
509631166
314323117
237869333
173135587
762551440
752769810
776657059
540294348
188735958
811295077
948217516
183368078
179110744
305953662
236466009
174285202
489394369
154424002
374696785
242362805
646253887
502377717
77968100
706343261
651319031
352671400
699715742
695349504
978293886
241953233
479042100
32079762
725244761
312644978
923029474
438424879
118113275
842681647
994192325
171002101
912189815
820459561
579381974
720677946
849760297
426268454
808514378
638152267
735397073
233729292
493434311
641044514
868753424
198823418
478192583
871480096
396093505
20726128
967993010
625600270
115873203
579985467
899526413
29887291
690899051
254899715
786743749
569827265
99237296
569191083
786834042
99661305
664328339
565653030
943896815
438313500
756826017
944744229
714000619
172613243
1521347
813764773
671761165
231462494
22469613
763918847
229632529
602196115
200900778
600875184
461695849
129265227
850619699
467180392
572478203
782279989
948031730
860987220
910626378
400260603
753415285
399834609
808769541
661434966
743115287
835002318
855435069
901396180
923258070
360174845
537697601
517719314
908256816
724356131
267022851
869157010
410346259
754405780
387543172
584373453
486017354
865276350
135832706
109501499
710543969
401030041
625762832
938756870
131921559
642451655
630890436
825319494
972747858
929350504
607452610
359645244
711910426
689151123
460943130
333410066
384862314
682520142
93163246
652459299
681741277
591296955
936746463
237897536
638620748
276636422
286203586
259256061
26930127
424813457
652196480
483631923
99199484
801930584
175371956
19008593
614373222
985153916
758200663
341816824
348833567
358597028
370818905
470334078
911512624
150605866
615071989
231420498
258221050
12738069
200379167
557490069
965247718
898204978
8213778
358139404
287740050
233393820
240720560
642997803
408659180
204727057
675510729
305928408
604010020
965133660
54881969
898102690
589186699
577071061
181800605
567903795
565501812
889485749
729443030
772134121
228729604
238146975
382784014
848628609
201996049
883264986
275438901
18489366
682143890
801973595
865587666
237628488
329392732
394449181
375192800
563119309
259541098
377121289
327820140
302620544
461843478
431144900
92200219
635982171
536718754
604449472
937818666
742816935
831055451
803603862
997927782
7968844
348357151
631869570
955571658
121579875
456013968
922287820
820296047
4922243
483414361
201459917
81423862
820726546
107584790
516411620
575535497
247404609
69592010
623423064
489767088
247905076
268796832
81720209
127907298
939074840
697158866
475251015
917806968
743435677
3558400
56740181
367759523
834206152
561369022
397235512
491240739
662764638
370562249
612960778
312210218
282660760
889710794
461352296
419852519
465602914
98717030
706902860
208564078
162474734
358901700
130827095
805432084
107847338
271328798
794081596
554227190
477041748
244958645
35457330
243860339
528708813
238632146
692423750
433527724
227938307
739399832
274651590
911434135
887871869
214381922
478616125
457215597
996070010
309857960
234024681
688621705
252329260
556165910
328674204
277644887
920913113
412169721
736460265
827121215
697730476
31403253
427440096
54295090
755156917
414617486
521531945
406703472
565841825
924496541
925013360
33648297
10906817
555758738
974281008
55395483
998932644
201793354
545610036
705557568
335011880
656106942
372080329
142349257
557534046
329431208
747358969
397724828
257815601
320940579
35400066
570857527
680274846
805983164
666967115
651206285
56594713
907695866
584678007
605303041
946491990
540638526
371158950
990361382
838029571
595562085
333965261
363530881
299594551
450593290
139009857
244767219
983982830
418923961
525000458
913921497
816415191
656984460
575458548
31052854
724595950
470286094
261832584
913299922
924340707
589663985
18512600
736283909
941100248
579601401
928052146
858670523
52315021
161291254
787550224
566122449
70438842
342533713
990980366
381107762
19920806
954742990
881107128
429467072
333471541
123811896
822503022
935499271
96801670
219689932
216381237
741932804
747353772
647228609
481346966
563561150
699560149
414130292
354738672
868143735
701270018
775315780
18320269
705132043
2673841
274962775
4767320
560420554
845160489
246213491
764004350
248866837
656088270
725183271
223857890
163416083
315786482
821550592
320711796
850134273
264514679
384775341
626926610
328903090
933361008
4627503
202835548
811922116
15184941
862862219
273690739
633886786
789803804
724460511
225298160
89787499
525759554
602918407
659383370
755232719
564998406
918277667
221651187
92095485
260478055
486070359
770602498
454683246
315186352
91033060
176341968
47449229
776146023
532113372
720786985
935339685
171733821
158443491
282589218
497803653
448893701
755680468
676057273
15939223
39158896
151771541
503756655
685118512
117465312
939741973
429419694
604238928
635445620
539312578
852301076
330282062
156858213
313468586
647504364
796000599
134773920
867393499
245977923
856127106
922342015
225972615
667900671
848739496
75114307
194645005
773893909
693364439
972588145
234464006
562080241
92017124
89003527
220695555
25868607
721015384
731942718
475610059
116647033
394180006
842770985
538699713
745859313
412958920
560146452
348906882
972255953
818421914
835205113
614949051
579633974
98233113
817657142
230971236
139801795
252244244
969131204
124172065
698543328
839068187
161514759
233361654
13774889
313446898
987773498
78816720
880818184
955991091
534859502
799111324
189078497
432590904
561094885
344856178
217024653
315472566
731476447
685836509
208910066
92359752
753315856
130779195
627695009
134804621
573547424
742412023
53092875
270666600
609953358
10962301
697661620
2310527
427920583
157915642
46789719
402595363
330964955
793350585
151694140
234821167
962139192
713993233
152993128
359766983
473680324
722900017
892084257
916428248
970757526
912023928
394890434
968136329
444628184
614787097
524110466
280328471
699342069
914886852
882657768
604758927
44820535
915084464
331058952
682425899
844216116
629690661
848277807
114349994
559887854
471147772
576924482
678255014
897425933
354204929
186579539
388378501
96353934
403177101
660616162
43207842
464265464
757753929
607207334
910307940
959445628
880166812
85481147
572759916
186785504
604394878
939857493
374556589
959458204
103893215
769685888
205822515
401135318
683834353
205864397
229983465
493465973
868644827
302864097
117142760
729680734
387791456
166695299
441222681
216261150
189658085
716328502
551801578
180968799
964066754
398346424
413149402
968103341
520469534
159291619
798644679
469190197
724512875
253336109
665140068
231539444
906637066
839943885
330498153
908822077
953741801
411703646
172172269
870575897
384860897
215355355
245082213
610873155
252999705
163028307
248256853
350602079
570644741
672584403
599798487
479679791
20891379
738672640
876322552
161336276
597984777
995100535
78966003
701278627
895496456
47245332
968894522
868912780
428165276
942512607
807497163
120871906
920657963
109806350
405378076
264985978
713616943
23809804
464529231
45082792
64185082
214176961
313242227
740390105
903700240
592144211
368769304
11834304
791540854
782448089
833680997
461946232
937232373
502904443
432894982
867037092
857036807
939427199
542549423
847104653
295273562
685062897
585935296
865694545
250339983
63504481
983393262
409081632
927911181
906008144
67665560
93000337
972458521
791829655
551197638
686489314
516643514
853829654
608687304
592369237
518323890
369955451
73429722
578924836
941889782
78589617
547334553
535192119
50946807
191608058
143988333
167521976
17495986
232587930
907436636
766203950
561989968
354170818
704910812
465842036
485196275
15694726
314873987
810741530
92263545
154770840
605614191
641232842
959822130
20765186
745727190
510275895
555343739
425873537
49194948
66148446
19890378
272615714
681544535
327316025
594553328
780124548
53036417
104526607
500040553
619964718
521435619
306510598
364929190
998430846
700494510
613495354
883352163
553800278
43338254
275666514
390249364
255367844
790894408
273984226
963366172
827377769
449932099
719916048
295006473
242733730
886579789
111909493
673488573
853262885
370693313
965368385
344024045
307517326
391464225
871825205
292247920
870428782
420989451
183696780
964746146
318531823
683085230
142832076
748349966
212443742
777801458
455320879
238225587
722533903
182792276
359773168
874984069
255492562
305897062
260564888
719980737
78131420
908493786
281035115
589098591
327670680
804735202
53072688
934490624
994017552
248755808
582543516
265170267
623719380
858663006
495244368
776287236
455884455
552062437
836117565
32424392
575240599
824097735
960487610
939892443
686684069
98570627
889615411
520385973
314617999
487419959
414982003
258238380
917414604
744070597
287591969
7604383
567223405
877010505
836318631
645044128
221339530
279569832
977383834
322756532
368826455
395256625
422739120
866668807
603269812
281661213
592433594
420653549
548689376
364440925
750476913
412598685
392237863
34438069
424003548
249655986
423709990
538961833
845237807
674255320
288397665
134332251
477854614
959183020
24987288
452178537
83867265
103735578
598783042
914224530
771618730
917460872
251711071
106301257
695120311
89367835
308038684
822550250
709638779
458101053
98988888
341804428
918952236
970294665
665545298
343953200
70617974
276360747
793459860
465903726
142771711
395935125
721738038
200595600
89237764
798657700
492938586
175526411
850433548
433594436
553548380
374125110
914920201
935282028
292794347
631238577
389665241
179380379
642622302
570640853
128490855
420263081
779922413
558858430
563037206
605919720
857845470
271695882
11716172
914431333
993771293
744548988
498505422
582395459
825386947
342321480
693755153
131667521
276040491
554618132
136062858
942802810
687776811
179569125
954342894
462831552
558229742
17899406
345814793
782147152
654869125
891270590
201653147
857866608
111911627
62477096
632064271
980262986
363200544
485228480
55011141
770312202
785805116
790266381
162000485
108542398
454730725
220138011
137588511
671269384
376440730
249877727
984892871
718119412
919176532
384303214
48632849
722425992
87859904
292092097
495903600
86103924
788859400
142152117
159876867
74739542
487907845
342288250
656048395
555755711
231679434
543401387
375212738
44853485
997812207
173228764
773643803
914174950
981882745
918321991
128357864
478204386
581997164
980911604
200566541
559669897
970563385
496436105
376856582
867436300
109354976
555595267
240020418
627841753
263903215
369463347
424431150
373512475
450586034
12871653
180699087
876277808
288130561
847888092
81791449
952308245
340222672
271583367
752520711
171629965
89343212
350753579
694472117
320178656
381024269
680720950
213068168
733922324
542208540
961239818
843589697
398781309
355326538
794167057
587604553
319654142
984624504
746055477
885393018
282703327
832602263
827177008
34574232
634090820
321431568
961480470
920291360
384918220
190836615
230692379
507890987
117691344
287328310
943681068
544180959
867481621
91775818
463877782
576143677
973652838
49777494
308918553
970463501
191869308
405836765
238406667
816291644
417511911
912343041
313014625
676605964
979384333
690280617
919689471
447812007
263018009
945114983
275488294
775924638
45273212
826558766
640900481
592046680
609572978
867254932
567759249
997227015
594988579
1798364
923434411
741912166
927429112
781437144
659387051
939155283
880788277
722683892
925746733
778482263
458156308
652864407
778560109
627687058
327552795
418865495
43010445
836053620
40691128
245716003
523499327
236354673
534915117
23574378
195361459
487763341
472691172
107526806
473104888
591060894
384980633
80858438
955893746
954181916
15523670
605533433
169485964
18552320
829937597
845601906
358941815
714760021
488283469
688282088
465595081
858696891
494245328
122540282
734691935
686678193
486354548
491527050
487256052
956255204
200637028
224455903
469276790
167627486
656493570
698654265
221286150
162659479
879345941
92895540
174203011
742667406
19578580
114191271
977810377
170381504
223389145
49468292
352763963
468143392
429335568
768812415
890088921
58245857
519794864
529832260
116422033
964250176
482483699
198777988
833549736
895969699
434573438
223732731
180809471
937082971
763900113
385956554
99249615
863919523
393820014
648125053
976129549
871991148
95520081
847352596
659757395
608771360
418676438
103576401
9146891
535173757
354288651
962157151
814339841
730158921
998475606
158397803
59191320
125933724
917637915
552364076
462494257
224693219
127312228
353316362
914641913
368683659
379791085
206452074
3853677
649743795
142237991
628039305
665754359
279118599
541281934
7725549
9864468
897064635
464158306
159245032
825678563
599989529
814776863
266102699
323226107
459953682
561266641
436476819
378038047
616800395
873999823
909689479
4931754
609011227
221662930
855896829
828821316
158412674
802721566
614527023
396901821
106311323
928431414
416007030
747893238
407579206
30768934
875255070
888169210
100016198
908393589
836821231
614974837
565512025
435870524
528100152
269622373
513236341
97310852
473492667
524113675
992886972
203449675
422784418
613130476
824928126
469646185
788555340
486004050
631271843
743262907
311024601
632712012
459382140
928332864
618931168
402340597
621461971
265491558
250357312
58374953
383073669
248690416
158990718
495379496
686304050
474526785
982179641
474942483
683448543
812236019
24672735
3716895
751057718
869258554
544653792
271050076
547910493
487866060
67524736
286176272
297828066
733130748
805855998
533284483
707216454
286574768
924084341
504631754
326759916
16268703
838093962
729946101
664784525
669388232
478981783
846087630
639889630
19868195
273042678
87663829
283534840
875223198
907260540
633993970
140793340
430417349
7135796
239688170
727997844
402263190
476867849
597211245
473458055
624180899
980551792
928492211
178643834
208598734
371994041
80547649
899287094
62680246
895421413
113397192
903629155
272926602
598726634
557270329
269117612
824928039
162947644
541574673
751294437
77241714
149678379
997044564
874972483
969015585
105852850
431235627
625942199
679867434
979460900
933027344
694735474
371167811
290686468
540952341
63298534
727820391
582296997
927421909
156373213
869876624
113596797
461437800
618475691
912800298
462852835
298350625
243785042
77058996
143924711
199974369
920782203
652561064
245989261
253609702
434504135
585438005
10986572
412180650
585652455
648906270
859474262
78611192
812340922
609513706
614965291
900844117
544429884
449392989
156377111
284210017
648915252
966863440
64596477
822567694
191105409
528550302
357056429
234485935
115111960
988285442
838839539
839013928
837925191
719869832
332876896
941151298
262529474
570912175
993182380
141142698
139168953
311430621
973676363
158360921
668974170
85452186
426712063
570239969
52801671
51386853
682731873
279907422
811484782
889194863
828948590
645424483
413521109
559501899
309982032
910416997
111624162
775649224
84444464
86843504
171213273
220580208
358709014
430632269
178384629
406948082
71198952
190059430
448082071
825610620
855893120
159940063
622584412
138670595
424752085
187093282
990082437
390410567
355877076
604228143
14450007
141539851
541667506
355561037
180907069
101863152
491640815
910438919
488990879
274057959
676526978
932286292
216612564
361329901
175905249
442891085
884946555
462019618
657873514
561607642
510079364
558489605
308925438
813783081
625715253
325058976
392994787
966007228
230669381
516370733
578995363
689477994
938370432
234360425
785347387
176895470
779692272
877743142
915189197
830489526
571785842
803043074
215315671
905275118
694006905
992072317
273015111
844277212
419952580
210243894
145919137
101841021
94734852
135707275
671178112
631789209
229209409
383962036
664791944
992735276
392494155
212173637
431491959
867670118
14156194
552107321
833561985
562900108
135966338
603096074
500933796
519350353
805209914
927023507
267711232
711754689
716452142
806368620
10596738
792797359
878161066
384879106
413494074
669984613
961860173
648329304
640789003
807263579
616930808
13210217
567495708
359529642
115118026
192671198
246383212
950364126
521268621
81245729
773749151
747905791
933337868
112823275
116887561
274047942
846953593
298925442
710939565
603353153
745665819
873652942
95016398
408971621
718036369
920058734
307270302
643474919
668883960
63241826
788618319
803000176
366259620
719031217
320863668
372876325
967710673
682593307
92658933
207255746
18857020
308610204
515779998
163583626
375597879
904995528
590651154
591895627
850562495
610086773
695575727
664623426
872610630
411715646
833366027
967859828
687942953
899626022
949753430
70088095
864687847
859915941
613134919
102937879
15244323
282386710
554269360
933024334
834456259
28441270
823281646
935067153
612310585
98070805
815489661
347253339
86163685
748605741
971820277
280023819
234339846
962365655
801712879
345887405
440949492
219965363
754130677
716624473
650674959
694689640
124698248
859474529
918868975
334554383
504551922
27598460
836665744
877069395
992363197
502236760
690784023
873791458
162007381
462022702
492761303
999770317
249922503
607909785
741011024
542925822
307513819
100991428
645250819
146275972
638936373
610131471
776891675
698302226
616044754
741510440
891418169
727603725
324141406
400524793
303290295
926769074
13265797
189833928
42978876
850577430
44342343
755400177
507807692
266726491
935492488
236396066
385085409
822541771
155723561
951115318
711156375
85909560
889230107
982157564
802201035
97890744
700141013
607179681
809295247
250182837
221822573
28117219
381432658
977402639
13735120
244022211
823419297
828175015
746608584
736906979
767219266
906997844
58247669
98704955
720626647
882220953
118008711
911428708
728186075
749681894
878173481
785452132
134641518
339785708
226051479
267667924
559792732
357025167
468499614
415742259
257890605
219725600
943975613
333783187
557782215
660911924
435245187
20635542
390074142
529329890
797995772
837960064
412599101
672934874
403083913
69580949
34068797
331250926
817745568
364272865
195998901
301355254
659754413
21617123
860741098
498712153
334662277
556849498
284388194
729734913
488128695
414711340
283967539
951290654
375515161
758643879
118768183
547703734
713065690
726723060
322616124
266336632
527994078
544742728
85080469
175320884
116077184
464356902
341964615
824086686
882913640
968972455
237043337
897267575
10635248
861760034
2032920
894938343
764311294
721398868
304220262
53905560
762891134
771241853
560811411
40553343
999884304
341688539
705602233
894934646
926029505
478933305
771981528
927886917
441894307
738308573
412673681
790665865
410315637
439078675
282666546
303024440
402668864
635875581
675896414
176630718
401577933
585611999
442223362
338291233
169438129
690466809
626068201
511067737
333735161
998470092
8171484
388034787
769021952
929191408
81203576
80489854
836308209
184247147
623213998
75623804
596339601
585869968
921176961
754863700
608011127
98359906
555446741
779632294
297563719
504479876
247478544
848531511
136259395
57125274
668397109
418303973
460889072
101844827
418784032
36920887
436733922
181462070
800527493
790602912
947919344
803712211
174507166
551890558
996635
156454913
224490860
774636207
587069562
332394842
294451015
876299240
555952647
113294568
24755875
313533079
636560578
775072181
393073393
121840389
347663132
703102848
516593659
612354322
374112062
580572331
903135395
16637944
760965707
32952520
718417161
512770487
128240411
379548899
248163081
208223542
928002276
9135226
370796624
451464587
490095250
132531013
232004344
711722037
564067248
165087256
145926609
78157019
86694819
779713787
630300386
21495302
758256855
468106443
691382184
547834448
135929003
163392430
725209041
349432544
581832865
306315829
359478634
609900595
375925109
432395225
758173169
616521194
529972366
547958041
926991182
270276548
952641394
308435158
889827241
381990892
561081547
524395155
428097271
345469960
607985041
103757887
761097841
846139310
897200976
870344895
275074348
924813267
283730359
720164346
758122156
78317679
987595065
937246717
810892314
898184636
600535400
217106508
906713914
454114809
632254965
348057970
550467680
625190195
336980873
588399301
239455023
923653927
604319778
884821077
868377791
845771563
526732074
183534507
522939274
222326348
512402226
588742532
795819117
402277937
508319118
768016169
383657762
271177106
549125457
164594947
860322100
94908937
49616808
749384141
711920018
225532751
552332322
503776038
853915311
260208298
511675165
891443444
983039199
179942240
501824880
233697886
5528015
708770600
406791430
122773542
6063522
770211209
294514288
154540645
78259301
53506038
838817697
576483183
407401581
458190186
886864198
2304889
690733999
206269450
112866865
427645426
531175133
54704230
235442874
295952583
545867755
378860889
29296504
97727596
958018359
661880099
861458331
923322878
999474766
383348915
810026967
705895317
873909666
271402730
741758846
453400801
731261281
700922811
547573144
287033858
349741064
709745548
497100353
150758842
371493739
945507471
970827290
835088209
774945524
737934690
735907951
559805112
150528961
534637922
422858005
847716288
894312714
648619368
508058131
848774077
603071970
982692465
911806304
685149520
84313886
257214457
227767567
581119593
600978756
659203282
930457324
920109853
965806570
305711566
185676390
598370311
522433103
794676396
488825873
696940432
814476879
764369970
80091539
417797554
113268768
993887156
640786065
985691528
930053024
786850835
287259605
836616772
925974779
754397424
350201304
87950239
951828843
863605993
889306911
304730319
749918569
655531598
543908808
45500880
861875471
609011764
924233012
772191508
753327411
967034064
766320813
747006010
423098258
821258551
71257365
463457522
130506426
427118877
365054516
463114163
500791122
387728117
156783296
104521477
819203209
915389463
198560232
522695450
431280597
170667700
937341372
947483149
927489289
197447101
670444086
290277387
488406023
830989052
652364096
154084214
706520856
332714811
250284221
249281586
93129178
704541552
191060378
548528977
897413993
270295979
979197640
936371558
604795068
858707007
927123602
768392904
471614244
359055221
806541669
196378327
70439790
925153121
769232235
927721134
366659264
738747539
782949166
49067153
188406539
157877993
195351401
5348567
920967977
741236023
552349210
283234093
106692343
145460346
297416510
277131268
513508537
883542403
858376534
759807916
794743118
911461687
937613867
853991890
870815633
475442980
813223287
245974326
487931044
590285015
178256752
218802426
581275505
346745595
458783853
372948187
701267518
145265482
217096220
310332193
559496837
890034810
199752873
934908775
675525355
911677211
14454888
134536071
685734186
712153013
409231537
912472513
420028749
551994389
639679399
255676744
222485623
523668086
962714489
453454115
217978882
380454586
205249484
949281797
243833006
500038820
153217924
647082941
677828277
750956702
109789416
700918889
833569640
378374397
278790549
237690971
6843975
256622765
453813705
928830626
531904817
691718188
540697285
937964834
747010222
622891112
68746643
108167942
344106169
91754431
17699725
159075773
441078390
360380710
401819232
820808777
334428084
823682434
958427398
853250064
638847239
192683168
526949563
67603592
743161614
495990409
434939430
808805851
647389764
442215618
459230234
885541293
774156455
950605028
897366416
646508139
16632924
384291961
502476261
917489386
123756380
115015045
548675245
282899944
470283063
984509561
500038268
915722855
612652157
489276934
659742940
164867211
628501826
780160057
477393274
263333998
246899530
42534146
457019198
881779892
15876991
527031995
386878950
171373697
190756272
413667001
853017427
976888327
443593887
780670555
594739627
673724938
397014293
390327665
352340744
87247668
999259956
83589247
944568649
564889397
789887267
135657853
573960675
549878635
295958321
604385321
337848677
883039532
7613276
30162178
92116175
365926227
532167229
98398298
675448344
345606209
25912002
137226800
798796655
804181031
61690275
165673148
616062417
747911066
216088468
156484293
416405555
856382670
577074909
268973336
939317389
470332701
577298550
183371485
822064025
340756771
342090315
641312837
192215752
792367476
543073366
242247751
452179930
884855551
812969873
609238812
410408221
803823021
740077493
31455047
405981208
319393599
814720362
199359592
292208586
460908953
566450709
250197200
522835391
998311318
592910171
400603521
612737834
150316307
768906408
628864491
821134123
991796881
543281354
701069603
384470684
732378451
750085107
831731830
15278419
469105686
137310380
692292107
970488467
355743022
119415082
588926509
387286640
6151516
799102469
31895582
372401090
547714788
563847676
386637368
17651691
562702612
336439601
416828455
271045876
966501128
158294691
4400244
668446368
687252381
74003861
973093193
950023132
511379706
972323457
643656867
464038036
393803446
245031029
95404633
316833214
958574994
871185515
20507304
466435298
284411569
454471539
49935915
274254068
414882596
438031885
271310266
276701508
991587138
903528708
92403407
853131920
93953866
495469726
140020429
22487605
620018853
924701040
801022104
830284554
468323466
895449931
570906827
275655945
828052212
538407514
560664360
439435595
148262673
652630041
553512163
268600374
237044175
269227026
964799197
773060578
546792402
199152995
594163861
265466499
538590261
857086729
500957637
413783280
761616580
836419332
218304981
383579302
812339391
764198649
885926199
709547555
154254823
395297253
685885965
238488307
404412262
675798209
699459362
994303163
860386900
503601316
199636285
622000521
99155319
305507043
419007219
416818843
960769268
298647240
123439775
368684446
968174520
520389752
387843387
308276441
334615970
922187438
227192748
574234887
7820691
470916809
259407842
534358736
556444914
556154733
393916250
508016544
744975441
418325597
248492687
437958915
440000077
878506924
965834750
922825769
990531090
651962717
712704704
405797173
527167707
39715087
829524945
29245165
259515113
354273913
866479552
874118505
909385901
445889130
775307256
904721685
565904178
560142870
386881033
326210416
746023886
893159920
79869698
602157159
171433415
865254561
606050472
776594260
162558821
166008108
772208176
54704700
855158580
955761053
124662935
167407830
408807360
174320565
107235673
676306896
907318222
977032020
225273519
351886926
965286564
11943886
196545253
366335153
876701994
623703047
527081775
554827643
230240824
769360817
308627736
61097336
3576068
721516523
490355131
81154546
831100849
103614997
349683201
211458485
531345181
349620504
529346881
933036097
194752497
163199477
808474326
969514128
981197829
880573528
730518541
65318229
608916130
272176270
35344671
849887369
464188028
796183773
790996344
411104919
607678139
15175685
764154704
37302040
370591533
726381782
379302120
90131348
344603485
358452795
13697823
178810110
18381031
207364086
783663659
338014876
369667230
577253782
863880043
716226270
160401334
26069487
915637214
892021040
801613199
614657582
681681684
404000512
735009203
598686615
169166404
296497236
11159244
427835254
344795554
596074270
821018688
904362516
482934478
413483249
717960969
349964775
278317974
295535299
242067390
401499624
779030186
10285982
720204074
787364130
365783669
492406076
18872902
53924067
911623889
774837208
833615895
831007193
174945997
40195365
342040369
128877241
540873633
282129628
715407913
585148436
224663676
170644954
760083745
777212213
131080916
986138594
983241007
551025689
309300512
85285073
32150197
691273664
552937722
791295137
750879485
436961715
941258175
680366463
178564461
102962179
860561153
398530059
297206633
424399108
775635647
414334076
614088813
805037296
624108564
279111444
60457851
614739964
968281704
994070415
649531880
831857808
195202582
826262678
822888546
165013667
731964184
861259766
152722309
714617026
4750235
16053364
805754669
403241833
580762104
487303800
371908223
126984494
924566922
503404289
839962223
619408680
452052181
904615540
747431252
881561904
665922581
329687552
632910724
391281369
293267360
870652421
144095694
884951288
827069443
442014299
590389641
194027602
853878619
118317101
702008199
266137810
572937637
544792303
258443311
123419081
754084398
76853889
16689592
701757365
821784377
349273436
219528670
271714866
842775554
625952901
987726384
851781771
184297481
4089320
693513413
11625414
239449639
373231637
621484700
285758877
248000446
435278375
951021026
510084663
424585931
876615641
562524560
54808062
606343757
755898354
436731605
651941727
885698709
187283844
192302831
586602068
267817631
607880425
935960995
703619968
492391294
125860195
575690776
940538085
496442639
546060473
499100290
711647825
324448989
499998733
765151835
181358124
303239242
54893749
995428260
703734890
116445919
851615782
802039082
552669555
666350467
787859924
532587728
11390034
68198585
591427699
573105581
531573885
416656051
135340215
526470727
974263360
736512192
291416500
903183454
889489832
313685039
744848013
453053154
67578314
962256419
505648651
163437551
942275571
90548762
494495944
220411875
324269911
53677367
595985482
725265855
728004266
867829700
467350605
353051008
471085971
776182999
785579510
308425405
454744447
164248211
882915060
493893199
720286504
198394584
107076000
454360301
29955313
624928592
781981365
3324865
389719676
1032090
408822873
809061715
368719988
693161878
453874811
893228250
145124477
9874668
756224420
237614683
162543041
599659633
154629448
513671283
98660783
768812970
547175601
593799366
675089858
468888470
712348027
809807528
725828417
243858153
461693702
53471606
669413402
135481008
610166986
375628532
831289685
489542926
19140318
364141643
357739733
388254201
632303882
254684464
647345125
641004217
612903340
615257514
58561599
741748763
219977350
159469132
867883960
675881414
645329167
848336088
752747931
968878920
256161983
456948099
601029971
547344398
747401940
235738874
29862244
963224519
833067793
109886713
595681775
610674860
973817294
527935852
434116614
12072136
818848859
186138703
783197116
870475458
514782549
580096939
492480641
337318714
803868739
117075024
284557643
493549140
584955190
174878694
749545535
130761196
924264934
780267864
385403934
561065053
988791999
31312649
819591138
226718027
411711026
673285280
586769333
345439668
351828584
789319386
145073588
665926944
647793171
852541795
971613160
685102672
154283347
411269269
223870346
747026985
217490388
409937676
451170693
127867310
402663821
857576367
949336651
626250884
371490418
238248819
338884364
952229682
800061636
250946523
416965639
396846490
123972225
921779293
429109132
585765315
825828158
54795959
5781396
178386263
562108903
763878945
395352213
398734674
124068154
817283461
247541211
14426627
220997393
769163233
746440066
946561793
927767842
122764381
130945411
87842454
295419795
454582922
387210003
302436723
247003460
925339726
832730437
149504875
120933148
81723107
366645963
670013429
484395665
677830643
827906968
763971570
543985761
106783354
927031277
95831117
202035952
57311075
552071442
780055549
274521165
498438128
837230476
134436936
731078157
33829670
531049372
439025448
115450712
408776874
785290944
433958822
125043832
796249820
446600744
532532495
740640213
527411129
282102306
870243073
764909195
482870973
468538103
271720724
695363118
834428184
929181573
812688364
75816134
510652106
110457004
252234641
621338612
559376938
420706906
336960102
784546813
989519276
740856145
382834401
893403696
598218263
581240398
541507843
813695425
757308615
71244351
100781194
805176182
825243590
140534081
682680853
997670547
702302687
656426023
848375222
130598750
980853654
76400426
99045279
532734535
750169006
585371648
843506338
919285756
248954600
119533513
502574637
969671160
619092856
686816768
254471542
999280134
246634246
460948642
494710455
110721227
66989825
824498054
946877177
764425745
973806720
114495668
257714477
722222406
82932811
863322481
661048878
759108286
969828069
766618919
672472438
421970701
334777872
471603839
643220237
175523085
45301279
958852337
852265404
335255081
218071204
487481974
716307030
213147583
747175981
855590938
313588653
592861760
30127990
516062605
5701314
30845310
468951716
417554795
79128408
526999765
554929747
958717960
688847051
880031992
751346483
492964241
926461322
953497273
819660128
989435771
704679686
382517259
287788180
763501702
939615991
32175241
186331669
338103494
872375043
24691426
548113560
962859925
312273848
597292391
535302313
509816241
573810400
229003787
961535792
830635377
805425707
80271320
979288692
195777571
174382707
47296679
297892854
397414618
742269286
364180407
152161766
573069291
61737395
320117650
243854653
819593998
340531437
474062421
435207939
185275452
919226207
799575792
988184298
169263575
374411086
698366738
818050322
149076039
80762352
298838158
80621189
737452385
261514086
971445573
145396980
904955950
344489007
398931363
59984595
674336382
453286361
879639695
109601626
287604349
523195952
339476441
351402019
805078340
992258659
876612736
64341548
865293403
631977057
274635048
190273264
224886322
380400595
802472441
761786709
753116468
820121079
101997170
85533047
279017146
605457274
391791552
85566760
37727100
490952903
471968488
983741912
471374263
634106338
375804214
742515269
306025348
192479981
946415660
131592449
168486233
717793543
528960126
622200651
922623741
298807413
460463230
937893179
145666837
55604856
114421343
220575006
168442487
951343076
672229310
445551918
596983016
307359269
312440663
705478816
33249784
662163866
842258038
487613959
526058282
603770401
850932259
767795380
628168847
192995907
608942216
927495863
288625816
710976515
154991953
639892353
809237813
898860090
744958445
656054341
596707670
545080346
71731287
268939558
418832465
36959736
985116244
547584837
813136645
284361931
947604941
360024340
30156674
352043349
770946183
626219781
124971812
622736195
975031155
472998926
219787789
103523333
265287274
208281974
92792698
660089063
675895753
471420102
732740134
992824872
908269810
246228621
203730936
262245340
963177036
251100183
388826958
780557854
768036490
927014945
382273150
158631346
634525808
495222602
833090469
483730838
275522383
520605375
333908650
690792521
102168609
841763847
701278190
945299890
359530968
99868150
361816772
399583479
96851439
26926876
900558659
162714724
503724290
65007795
951601389
664675941
429857618
153605740
705564300
820128112
142704696
786656750
239139502
936332298
585143795
486793480
1750591
166469450
625130465
546014952
414214615
752388182
165185624
285728995
895349836
914301845
664603127
595300055
48575111
47611137
529540490
384691669
400328469
909969392
982119731
776994779
22655585
888390782
20934966
837484431
79341529
838975167
599373403
299534442
158998082
324445971
122127589
274039019
398610525
136733543
255449196
600742618
998469146
929479411
545420919
287070584
631501583
479250338
398135942
468653917
884851239
48875292
250583760
427984903
218224190
802654439
791382854
834336684
37743188
269582077
587266004
646841033
275487428
930685257
918545817
918862266
94033474
216398998
25005882
125257725
220207802
308194474
436280946
951818773
205225960
662838600
539378610
430201854
629875662
323401623
99500609
191755701
622154587
136957205
724499625
460239100
916319150
672908132
564471750
68812774
521759424
185862242
881500977
918936798
398966434
312378205
783231217
218798479
350327194
251560031
1930264
359509820
196568989
61651830
720227669
434863632
400634352
935276472
761898971
193919846
932866563
258821069
659987643
193815323
236711667
846973084
604520038
221046863
471477154
286992665
34741812
925361341
476736082
666978883
46835745
563852110
917009174
684175396
312444818
106525660
722769349
355606720
603845980
675732555
644559380
886176663
656272136
936295562
842476128
803658972
796089254
7881600
676913978
435952896
484642152
631167588
83873850
692387788
213836443
758862176
421889904
76974505
824465094
398264781
485006917
482824411
739705904
837764936
518016902
379639374
156844802
335331636
709645828
584737070
369181296
538756937
807521115
494450116
161651319
142186284
148433308
459549237
12132112
605958388
199232512
899744420
621957887
84898433
692168380
598205679
409081796
909284092
949857425
226269271
87297348
655248954
792878038
930566803
618846980
705928687
127161827
93143811
172005501
767483416
712839007
818540654
749826072
803377111
594102996
933518331
597214396
525465638
745848537
260281394
113503266
261684848
202598195
703622513
380771805
482968478
515289955
214205428
880604589
287536519
472767007
573845161
315547956
513377808
62954130
36930831
524682697
263866822
986802575
452404914
804905816
314614368
482932045
255633091
103264531
538375543
203302941
826947450
249422695
469147674
562669599
267290623
268991110
489628216
640435196
951946387
600062135
545706013
404635474
291996257
784239831
278365399
561935127
749529970
344069695
418244355
809265931
236538400
169109520
988190757
268881861
47951422
633919621
549568375
749998560
955134128
695611653
5081151
110885427
571736531
231854230
788669384
992368027
830512982
684821779
101561018
97802401
678921314
567748422
219273560
800879391
460244076
362764525
707743633
466299224
518205422
162449236
447143662
625117671
269781690
94103983
719864884
134871016
181805262
655288772
347968957
550744810
815547027
348140658
211439091
491151780
108379978
741748340
176658848
422423713
883964243
795682576
612271175
532168572
298076353
428381332
877999266
113712637
872327236
768635847
17706494
271156013
194507482
501291167
621715047
448123037
437322020
112366134
390692274
101613776
572475658
580611902
909144827
113457992
255972988
13184567
794178342
887719009
767125001
739266145
669792745
698218509
349821137
131702228
802291621
366601563
181376620
755051132
319145037
699451407
252782602
799328831
613362260
881262764
334353739
902702862
929110053
724849904
321593028
481003296
370379874
498917555
471383190
749436972
617890540
177633354
61729187
578039235
313683176
925263430
511002586
989480778
321128744
501393311
186841586
515869928
165378375
328964873
886735306
239103322
461207930
223970379
636238069
626849960
70789085
900590860
456024277
310057407
20359204
962480673
479127543
63485874
825118565
724616690
178180157
250355093
334833458
464297322
308508587
46040449
508687379
543364765
167862379
803533269
327480741
381935476
398304919
976646586
409856264
509831568
544114682
349296029
374330934
241009747
421367470
574368223
609727
994383690
45640881
438402161
820457179
24689264
552371893
295718505
893301187
699271135
296251408
906922559
41100847
402738507
792625673
231368167
411394626
109354750
673404292
159760267
777093914
845340527
582250473
217247987
293910288
66876432
621224079
266901374
424124430
842503793
555644387
693611733
3327515
139552126
350013701
547614079
777196355
974065227
532790914
522043584
830383110
908779795
17830442
3697239
692916322
859752600
331701944
535041471
565966668
825962891
412398014
178161773
442183565
884119520
782090305
916213593
542805553
498917118
496343798
331209019
306925059
890557634
912911044
207970010
63594172
840327193
723525867
597813717
361595121
29300194
351554616
969715715
531599857
522537871
283716399
533204775
181334783
620115473
375829919
583108782
207023158
311166986
942849566
291863984
839590721
943550064
789742711
423439913
933284931
862541161
69912362
686135982
101465002
595353521
195773360
759072897
971235981
868383027
719547111
366191519
185852201
668951465
25848573
46033880
684234626
460896909
337732017
692874860
89104490
340643377
272293112
704798260
874104923
488232177
148348294
92016181
972711707
764177655
652695893
594672351
851308937
911373451
889229467
138725138
881585172
695998897
900920082
833552494
463989170
657944996
517972084
257896730
265957006
781859580
863899834
521672745
644025904
161893182
568557764
71307498
992266762
148438615
29318506
531209145
663553497
853374446
483041689
186442853
281411299
506610998
910227543
869003787
560200175
83947746
690251573
795263099
548634110
493625281
966722762
564092029
122122995
42248487
22661564
341501956
348970223
375790642
591131595
131820030
552215178
884299168
850135584
563126176
2724458
415334787
15867489
498897831
694847692
711744521
424159338
535563608
305061595
725612042
253779295
639589908
71659483
869590174
368709013
840445573
548070138
377023599